111 60.2000
113 67.2600
115 69.4100
117 70.6400
131 64.5000
133 68.9000
135 70.2100
137 70.7700
151 66.9700
153 69.9300
155 70.6000
157 71.7200
171 68.5000
173 70.7700
175 71.5900
177 71.7600
311 62.4000
313 68.3100
315 70.0100
317 70.8100
331 65.3100
333 69.5700
335 70.2700
337 71.4000
351 67.3800
353 70.4600
355 71.3900
357 71.5800
371 68.9600
373 69.9800
375 71.8700
377 72.4500
511 62.7100
513 68.3800
515 70.0900
517 71.0600
531 66.3900
533 70.2800
535 70.9500
537 72.1400
551 68.3400
553 70.7500
555 72.0900
557 71.9300
571 69.2700
573 70.6300
575 72.2800
577 72.3900
711 64.2700
713 69.1300
715 70.6300
717 71.2000
731 67.0200
733 70.6600
735 72.0400
737 71.6500
751 68.3900
753 70.7800
755 71.6900
757 72.2700
771 69.4800
773 71.3400
775 71.8900
777 72.5600
