111 61.8700
113 69.0100
115 71.5000
117 72.3600
131 65.9500
133 70.8500
135 72.7700
137 73.3100
151 68.0500
153 71.9100
155 72.8800
157 74.1100
171 69.2200
173 72.1800
175 73.5600
177 74.1200
311 63.4900
313 70.0100
315 72.2700
317 73.1800
331 66.6400
333 70.7600
335 72.8900
337 73.7900
351 68.7100
353 71.8400
355 73.2600
357 74.4400
371 70.2400
373 72.6300
375 73.5600
377 74.4200
511 64.6100
513 70.4500
515 72.4200
517 73.1600
531 66.9700
533 71.2500
535 73.1800
537 73.4700
551 69.1000
553 72.7300
555 73.9400
557 74.8600
571 70.5600
573 72.8600
575 73.3700
577 74.5300
711 65.3900
713 71.0100
715 72.0200
717 73.6900
731 67.4400
733 71.6300
735 73.3600
737 73.9700
751 69.6700
753 72.5800
755 73.3400
757 74.2300
771 70.8500
773 72.7000
775 73.9200
777 74.4400
